1 0 0
 0.938638 -0.305892  0.478052
 0.400042 -0.834326   1.13791
-0.495374 -0.306641   2.43827
-0.0617789  -0.675068     2.2055
-0.0617789  -0.675068     2.2055
  0.53981 -0.771352   1.01123
 0.860026 -0.396393   0.96387
0.177668 -0.52137   2.5039
0.177668 -0.52137   2.5039
0.177668 -0.52137   2.5039
0.177668 -0.52137   2.5039
 0.275741 -0.232091   2.79838
0.779453 -0.11134  1.84946
0.238335 0.264528  2.80339
0.238335 0.264528  2.80339
-0.16006 0.547311  2.46444
-0.560425  0.447271   2.09114
-0.341228 -0.779859   1.57431
-0.582631 -0.692953   1.27406
 0.091749 -0.974038    0.6209
 0.755366 -0.643031  0.378693
0.795922 -0.53305 0.860984
 0.935226 -0.198425  0.879702
0.953862 0.235443 0.558956
 0.84699 0.295035  1.32668
 0.831898 -0.361696   1.26257
 0.413513 0.0437199   2.72834
0.171224 0.389921  2.71437
0.132697 0.469887  2.61809
0.132697 0.469887  2.61809
0.132697 0.469887  2.61809
0.132697 0.469887  2.61809
-0.0419368    0.82751    1.67965
-0.293782  0.637005   2.13805
   0.122315 -0.00542372     2.97743
 0.377071 -0.373053   2.54319
 0.377071 -0.373053   2.54319
0.0323033 -0.199186   2.93829
0.0323033 -0.199186   2.93829
0.101655  0.22659  2.90601
0.101655  0.22659  2.90601
0.101655  0.22659  2.90601
-0.3342 0.33759  2.6399
-0.225087  0.336362   2.74331
0.374127 0.468758  2.40055
   0.75282 -0.0932241    1.95478
0.508219 0.722558  1.40594
  0.814468 -0.0498199     1.7342
0.436974 0.682556  1.75742
-0.415755  0.617234   2.00388
-0.761349  0.571282  0.919708
-0.715624  0.599937   1.07317
-0.448123  0.698664   1.67318
-0.832219  0.255734   1.47585
-0.832219  0.255734   1.47585
-0.793683  0.122047   1.78789
-0.697143 -0.487512     1.577
  -0.3099 -0.649398   2.08332
  -0.3099 -0.649398   2.08332
0.0239495  -0.94054   1.01652
-0.542127 -0.762786    1.0575
-0.294265   -0.6727   2.03665
 0.241689 -0.456066    2.5695
 0.501551 -0.702779   1.51358
0.924913 0.216127 0.938312
0.671868 0.736661  -0.2309
0.0569492  0.754717   1.96072
 0.82754 0.263445  1.48727
0.866048 0.443284 0.693665
-0.178734  0.812477   1.66476
-0.357195  0.570973   2.21757
-0.357195  0.570973   2.21757
-0.518156  0.542962   1.98251
-0.566705  0.375555   2.20005
-0.566705  0.375555   2.20005
-0.0985659   0.994307    0.12142
-0.715939  0.679504  0.481004
-0.731583  0.338404  -1.77551
-0.972976 -0.218089  0.227675
 -0.997192 -0.0238016   0.212996
-0.964594 -0.239686  0.330127
-0.790073 -0.595075 -0.441622
-0.938792 -0.335159 -0.238849
-0.764005  -0.43682  -1.42456
-0.933749  0.253378 -0.758426
-0.933749  0.253378 -0.758426
0.0890985   0.99598 0.0276266
0.532324 0.845574 0.121364
0.269072 0.915009 -0.90179
 0.214773   0.95338 -0.635998
-0.382723  0.865417 -0.970147
0.167624 0.851873  -1.4886
-0.0951668    0.94826  -0.908691
-0.14562 0.880593 -1.35283
0.201584 0.634818 -2.23772
 0.52465 0.526893 -2.00603
0.302565 0.568324 -2.29547
-0.470431  0.766061    -1.314
-0.470431  0.766061    -1.314
-0.285816  0.784739     -1.65
-0.586471  0.569803  -1.72696
-0.586471  0.569803  -1.72696
-0.721762 -0.268266  -1.91412
  -0.66117 -0.0576234   -2.24406
-0.928407 0.0301329  -1.11102
-0.482545  0.706992  -1.55107
-0.636297  0.519797   -1.7101
0.0467557  0.414906  -2.72599
-0.131682  0.692149  -2.12892
0.489066 0.710905  -1.5162
  0.84279  0.506705 -0.544599
 0.933819 -0.255588 -0.750949
 0.888011  0.353226 -0.883182
0.340634  0.72877 -1.78207
 0.18111 0.822374 -1.61805
 0.239096  0.954151 -0.540237
0.00373393   0.998781    0.14795
 0.130343  0.991417 0.0315145
-0.0494266   0.964986   0.772805
0.0665933  0.812992   1.73536
 0.40982 0.813793  1.23616
 0.13782 0.736203  1.98774
0.599684 0.355576   2.1507
0.639412 0.445186   1.8806
0.340173 0.760515  1.65924
0.207722 0.679978  2.10958
0.157213 0.449869  2.63746
0.149927 0.798936  1.74728
0.464758 0.519004  2.15214
0.482087  0.17123  2.57768
0.482087  0.17123  2.57768
0.482087  0.17123  2.57768
0.482087  0.17123  2.57768
0.482087  0.17123  2.57768
 0.445738 -0.185072   2.62747
  0.17907 -0.297567   2.81327
  0.16049 -0.162423   2.92075
 0.552915 -0.197936   2.42816
0.0869965 -0.526193   2.53772
0.0869965 -0.526193   2.53772
-0.315066 -0.357912   2.63699
 -0.461161 0.00564855     2.6619
 0.0741075 -0.0122084    2.99153
 0.0741075 -0.0122084    2.99153
-0.467957  -0.66247   1.75481
 0.206639 -0.826766   1.56966
0.546517 -0.82551 0.422799
 0.966196   0.25563 -0.100334
0.811326 0.477513 -1.01172
  0.95401 -0.229473  -0.57867
0.843405 0.202341 -1.49316
 0.625886 -0.553396  -1.64869
 0.623075 -0.368948  -2.06903
  0.66031 -0.171313  -2.19358
 0.763234 -0.192086  -1.85073
0.165851 0.386912 -2.72124
-0.854906  0.430762 -0.867309
-0.889692  0.456441 -0.032171
-0.906321   -0.3589  0.669302
-0.749647 -0.659032  0.182632
 -0.93855  0.314207 -0.428468
-0.67609 0.686179 0.805323
0.778569 0.303203  1.64836
0.562537 0.710833  1.26665
0.279067 0.948233 0.454733
0.550413 0.814585 0.549066
0.420872  0.86356 0.833203
0.740917 0.614771 0.811104
0.394993 0.917143 0.159592
0.411103   0.8434 -1.03781
0.637368 0.765866 0.254755
0.517069 0.853585 0.190503
 0.858187 -0.508044  0.220579
    0.889 -0.188652   1.25172
 0.951736 -0.205708  0.683336
 0.969538 -0.121971 -0.637275
 0.26364 0.957939  0.34004
 0.706946  0.694486 -0.401661
-0.645692  0.635302  -1.27093
-0.922607  0.383898  0.112979
-0.498821  0.797705  -1.01666
-0.952826 0.0670094  0.888085
-0.549353 -0.759893   1.04261
0.0971322 -0.788172   1.82323
-0.564365 -0.592633   1.72412
-0.161274 -0.948357  0.819445
-0.960801  0.228895 -0.469281
 -0.935417 -0.0208274   -1.05881
-0.774998 0.0405642  -1.89198
-0.774998 0.0405642  -1.89198
-0.609581 -0.596947   -1.5648
-0.505354 -0.635714  -1.75053
-0.241652 -0.820086  -1.55615
-0.0464901  -0.603716   -2.38753
-0.0464901  -0.603716   -2.38753
-0.0464901  -0.603716   -2.38753
-0.268995  -0.52881  -2.41496
-0.268995  -0.52881  -2.41496
-0.727041 -0.327184  -1.81087
-0.727041 -0.327184  -1.81087
-0.704384 -0.239432  -2.00465
-0.852993 -0.397787  -1.01366
-0.832992 -0.130573  -1.61299
-0.598188 -0.728558  -1.00118
-0.864265 -0.142315  -1.44746
-0.376172  0.670672  -1.91788
-0.598912  0.360009  -2.14599
0.118124 0.718814 -2.05528
0.510133 0.113597 -2.55768
0.490048 0.173961  -2.5625
  0.7924 0.224226 -1.70189
0.713006  0.25859 -1.95519
0.713006  0.25859 -1.95519
 0.319656 -0.664812  -2.02549
-0.549952 -0.593696   -1.7623
-0.0114955  -0.852247   -1.56904
 0.833898 0.0242615  -1.65416
  0.655166 -0.0514629   -2.26119
  0.71006 -0.283881  -1.93316
  0.71006 -0.283881  -1.93316
 0.375579 -0.572159  -2.18728
0.0683216 -0.720286  -2.07091
0.00477208  -0.875007   -1.45226
-0.518638 -0.671874  -1.58631
-0.978406 -0.203541 -0.107824
-0.884196 -0.462305 -0.200609
 -0.88048 -0.248494  -1.21122
-0.187636 -0.949241 -0.757366
-0.196738 -0.718716  -2.00067
-0.733536 -0.611455 -0.890186
-0.353368   0.78893  -1.50814
-0.480433   0.85867 -0.535562
-0.334932  0.734872   -1.7692
-0.542935   0.39455  -2.22395
-0.542935   0.39455  -2.22395
-0.600605  0.230092  -2.29717
-0.600605  0.230092  -2.29717
0.130052 0.810135 -1.71491
0.130052 0.810135 -1.71491
-0.820434  0.565821 -0.246181
-0.278749  0.830265  -1.44797
-0.55364 0.711939 -1.29602
-0.116453  0.986456  0.346544
0.760901 0.560406 0.981216
0.366727 0.878669 0.917097
   0.95857   0.282934 -0.0990947
0.784586 0.435833 -1.32298
 0.890504  0.447535 -0.245841
0.669451 0.657534 -1.03699
 0.963895 -0.111645 -0.725253
-0.203476 -0.978837 0.0654451
 0.219127 -0.953625   0.61907
-0.21243 -0.97423 0.227483
-0.881128 -0.332633   1.00833
-0.513047 -0.850668  0.343971
-0.865607  0.243776   1.31213
-0.918347  0.269052  0.870775
  -0.88636 -0.0188912    1.38783
  -0.88636 -0.0188912    1.38783
-0.994012 -0.050235  0.291239
-0.906292  0.157449  -1.17669
-0.881548  0.466465  0.218069
-0.777287  0.562188   0.84731
-0.840262  0.507086  0.575679
-0.786533 -0.160612    1.7889
-0.566971  0.427082   2.11313
-0.566971  0.427082   2.11313
-0.566971  0.427082   2.11313
-0.166061 -0.187098   2.90461
-0.190764 -0.287596   2.81568
-0.190764 -0.287596   2.81568
-0.46911  0.26977  2.52278
-0.46911  0.26977  2.52278
-0.46911  0.26977  2.52278
  -0.530553 -0.00196196     2.54296
-0.633095 -0.480768   1.82002
-0.601711 -0.313099   2.20436
-0.622963 -0.683936   1.13901
-0.0132553  -0.966319    0.77102
 0.660599 -0.667433   1.03115
-0.646084 -0.756776   0.29798
 -0.88818 -0.173884   1.27597
-0.942094 -0.162268  0.880427
-0.982626  0.109234  0.450148
-0.898291   0.42173  0.370078
-0.869128  0.152596   1.41137
-0.221295  0.725973   1.95344
-0.552052   0.67406   1.47239
-0.293387  0.882456   1.10307
-0.251652  0.958762  0.396254
-0.920335  0.137545  -1.09847
-0.619158 -0.154985  -2.30946
-0.53694  0.23813 -2.42794
-0.53694  0.23813 -2.42794
-0.53694  0.23813 -2.42794
-0.851578  0.212084  -1.43824
-0.717329 -0.375125  -1.76139
 -0.92191  0.385532 -0.114134
-0.499578  0.852966 -0.453692
-0.496585  0.839359 -0.663309
0.0375935  0.989902 -0.410039
-0.70817 0.360282  -1.8216
-0.101921  0.640895  -2.28251
0.379034 0.615165 -2.07393
0.365181 0.188436   -2.735
 0.718632 -0.254766  -1.94113
0.662605 0.517145 -1.62531
0.488662 0.644381 -1.76461
-0.120537  0.796707  -1.77667
-0.665304  0.620243   -1.2466
 -0.59359 0.0381012   -2.4116
-0.672265 -0.275139  -2.06185
-0.370424 -0.706459  -1.80923
 0.461444 -0.747149  -1.43511
 0.846011  0.532583 0.0749677
 0.959508 0.0032359  0.845015
 0.70291 0.686476 -0.55861
  0.977386 -0.0191729  -0.631775
  0.929489  -0.368197 -0.0658115
0.0758059 -0.554167  -2.48684
 0.381602 -0.297673  -2.62525
-0.0433729 -0.0547156   -2.99268
-0.0433729 -0.0547156   -2.99268
-0.0433729 -0.0547156   -2.99268
 -0.333286 -0.0415968   -2.82573
 -0.333286 -0.0415968   -2.82573
-0.207191  0.484828  -2.54915
-0.146222  0.453846    -2.637
-0.146222  0.453846    -2.637
-0.146222  0.453846    -2.637
-0.596332  0.363465  -2.14722
-0.164233  0.881869  -1.32592
  0.10006  0.971224 -0.648426
-5.68056e-05     0.999994    0.0106106
0.636265 0.770432 -0.12004
 0.301416  0.953309 0.0563494
0.208843 0.848529 -1.45858
0.208843 0.848529 -1.45858
-0.245423  0.636155  -2.19446
-0.338829   0.58522  -2.21007
0.0868879  0.700119  -2.12616
-0.194082  0.151679  -2.90757
-0.194082  0.151679  -2.90757
-0.343514 -0.131998  -2.78948
-0.343514 -0.131998  -2.78948
-0.343514 -0.131998  -2.78948
 0.294429 -0.893163  -1.01987
-0.499328 -0.864616 -0.167317
 0.17864 -0.93874  0.88414
-0.844076 -0.431873  0.953518
-0.938871 -0.168464  0.900709
-0.749311 -0.197045   1.89667
-0.0289826 -0.0196766    2.99816
 0.370003 -0.422103   2.48281
 0.531483 -0.498491   2.05458
 0.518884 -0.790331   0.97739
  0.991716 -0.0966187  -0.253918
 0.955562  0.274046 -0.325963
 0.904059  0.376164 -0.608767
0.329766 0.938936 0.294906
0.632395 0.744054 0.646687
 0.962729 0.0145553  0.810258
 0.398555 -0.914661 -0.202337
  0.971918 -0.0382821   -0.69655
  0.62807 -0.505012   1.77607
0.833901 0.134851  1.60556
 0.739016 -0.465188   1.46188
 0.450681 -0.890954  0.166718
 0.539142 -0.787956  0.892224
 0.249763 -0.837579   1.45766
-0.201572 -0.819358   1.61003
-0.940229 -0.312977 -0.402666
-0.945329  -0.11653  0.913764
-0.577004  0.206072   2.37095
-0.577004  0.206072   2.37095
 -0.908521   0.417812 -0.0142914
-0.694154 -0.659108 -0.868068
-0.639726  0.732975 -0.693901
-0.792583   0.17721  -1.75034
-0.833806 -0.179648  -1.56603
-0.508013   0.06138  -2.57748
-0.508013   0.06138  -2.57748
-0.508013   0.06138  -2.57748
-0.536611  0.726394  -1.28826
-0.494368  0.862941 -0.313755
-0.079752  0.990255 -0.342505
-0.961402  0.224319  0.478068
-0.837856 -0.157782   1.56779
-0.711223  0.318462   1.88008
-0.165656  0.792669   1.76017
0.548493 0.698095  1.38073
0.748662 0.525765  1.21148
0.0973568  0.983622  0.455057
 0.990142 -0.129649  0.159055
 0.963274 -0.263888  0.148996
 0.292032 -0.614001  -2.19988
 0.292032 -0.614001  -2.19988
-0.784772  -0.43841   -1.3143
-0.205903 -0.803111  -1.67736
0.0589368 -0.977608 -0.606041
 0.324058 -0.805003  -1.49084
 0.479832 -0.811723 -0.998904
 0.268869 -0.784257  -1.67746
-0.413091 -0.809787  -1.24997
 -0.88939 -0.423763  0.514477
-0.439799 -0.887971   0.40343
 0.797157 -0.589382  0.393093
  0.56938 -0.820175  0.167607
 0.852138 -0.512094 -0.323399
 0.918648  0.245821 -0.927875
  0.11876  0.961413 -0.744471
 0.790235 -0.604634  0.299188
 0.827438 -0.538561 -0.477163
   0.8813 -0.457717 -0.352497
 0.610295 -0.790523 -0.153641
 0.429442  -0.89927 -0.249074
  0.92158 -0.175858   1.03823
 0.949248 -0.288702  0.374564
-0.312704 -0.943086 -0.339485
0.111923   -0.991  -0.2203
 -0.484091  -0.874914 -0.0403346
-0.691528 -0.721751 -0.088241
-0.0579815  -0.997866  0.0900939
  0.105584  -0.994409 0.00561429
 0.495248 -0.773929   1.18401
 0.206708 -0.530552   2.46619
 0.48024 -0.50712  2.14705
 0.751701 -0.333919   1.70616
 0.229135 -0.944066  0.711425
 0.229135 -0.944066  0.711425
-0.133064 -0.989382   0.17539
-0.904485 -0.417917   -0.2555
 -0.984295 -0.0425859  -0.513949
-0.236277  0.900921  -1.09208
-0.779006  0.475399  -1.22653
0.0313853  0.985687 -0.496917
-0.83951 0.232608 -1.47311
-0.83951 0.232608 -1.47311
-0.397694  0.883724  -0.74016
 -0.70495  0.706798 -0.177033
-0.608156  0.705232   1.09323
-0.791057  0.568342 -0.678928
-0.942573  0.255935 -0.643822
-0.832018  0.148523  -1.60351
-0.858764 -0.169789  -1.45027
 -0.86972 -0.368521 -0.984894
-0.987822 0.0503559  0.441644
-0.660013 -0.743459  -0.32383
 -0.82836 -0.431685   1.07108
-0.952737 -0.240924  0.555213
 -0.886863   0.461996 -0.0176499
 -0.5534 0.665928  1.50086
-0.566578  0.630906   1.59014
-0.909722  0.207481   1.07899
-0.909722  0.207481   1.07899
-0.275843   0.84864   1.35406
-0.384916  0.834046   1.18569
-0.350525  0.759784   1.64279
-0.790837  0.578254 -0.601494
 -0.980345 -0.0903416   -0.52618
-0.984802 -0.117512  0.383694
-0.779354 -0.503915   1.11718
0.824083 -0.36881  1.28988
 0.642494 -0.701956  0.922024
 0.151795 -0.859075   1.46647
 0.151795 -0.859075   1.46647
 0.306388 -0.877083    1.1098
 0.860659 -0.470238  0.585934
 0.921257 -0.236927  0.925402
  0.89298 -0.426307  0.433264
0.927458 0.290646 0.705791
0.303512 0.926627 0.665721
-0.26716 0.957138 0.335618
 0.267947  0.907536 -0.970175
 0.169763  0.982813 -0.217581
 0.63899 0.652849  1.22037
-0.734135  0.664088  0.424602
  -0.6724  0.703472 -0.690726
-0.699814  0.712951 -0.132822
 -0.20786  0.977942 0.0618207
 -0.20786  0.977942 0.0618207
-0.959404  0.245224  0.417946
-0.661894 -0.741905  0.321346
-0.953379  0.292188 -0.226414
  0.55177  0.791214 -0.791055
-0.284899  0.628527  -2.17119
-0.132298  0.644563  -2.25905
0.0893353  0.391903  -2.74698
-0.340713   0.18772  -2.76371
-0.340713   0.18772  -2.76371
 -0.2603 0.459836 -2.54699
-0.210448  0.345921  -2.74307
-0.729287 -0.176407  -1.98323
-0.861106  0.174466  -1.43267
-0.157973   0.26863  -2.85061
-0.157973   0.26863  -2.85061
-0.157973   0.26863  -2.85061
0.544845 0.369076 -2.25884
   0.59951 -0.0445314   -2.39738
