       0        0      0.5 0.866025      1.5 0.866025
  0.440942 -0.0612838   0.497569   0.937112    1.49709   0.906129
  0.440942 -0.0612838   0.497569   0.937112    1.49709   0.906129
 0.15858   0.3674 0.462674  1.32004  1.25006 0.703588
0.445189  0.26188 0.891094  1.15696  1.42081 0.308783
0.605399 0.227453 0.804261  1.20748  1.25378 0.314209
0.605399 0.227453 0.804261  1.20748  1.25378 0.314209
0.919244 -0.13865 0.268265 0.620446  1.25302 0.446501
0.919244 -0.13865 0.268265 0.620446  1.25302 0.446501
 1.07933 0.569914  0.11022  0.32329  1.09873 0.474464
 1.07933 0.569914  0.11022  0.32329  1.09873 0.474464
 1.07933 0.569914  0.11022  0.32329  1.09873 0.474464
 1.07933 0.569914  0.11022  0.32329  1.09873 0.474464
 1.07933 0.569914  0.11022  0.32329  1.09873 0.474464
  1.06913  0.786161 0.0873626  0.596077   1.08181  0.490874
  1.06913  0.786161 0.0873626  0.596077   1.08181  0.490874
0.891335  1.71774 0.558269 0.774837  1.37774  1.34795
 1.5115 2.02359 1.13509 1.09714 2.06242 1.47139
1.59704 2.36241 1.49898 1.36723 2.30356 1.96108
1.59704 2.36241 1.49898 1.36723 2.30356 1.96108
1.59704 2.36241 1.49898 1.36723 2.30356 1.96108
 1.82745  2.50818 0.854179   2.2785  1.82632  2.51288
 1.82745  2.50818 0.854179   2.2785  1.82632  2.51288
 1.82745  2.50818 0.854179   2.2785  1.82632  2.51288
 1.82745  2.50818 0.854179   2.2785  1.82632  2.51288
 1.82745  2.50818 0.854179   2.2785  1.82632  2.51288
 1.82745  2.50818 0.854179   2.2785  1.82632  2.51288
 1.42867   2.7427 0.591476   2.1958  1.57117  2.39631
 1.49784  2.78505 0.758558  2.11166   1.6203    2.619
 1.49784  2.78505 0.758558  2.11166   1.6203    2.619
 1.49784  2.78505 0.758558  2.11166   1.6203    2.619
 1.49784  2.78505 0.758558  2.11166   1.6203    2.619
 1.49784  2.78505 0.758558  2.11166   1.6203    2.619
 1.49784  2.78505 0.758558  2.11166   1.6203    2.619
 1.10514  3.01246 0.519295  2.20204  1.47192  2.50619
 1.10514  3.01246 0.519295  2.20204  1.47192  2.50619
 1.10514  3.01246 0.519295  2.20204  1.47192  2.50619
 1.35507  3.15078 0.801542  2.31796  1.62749   2.8817
 1.6496 3.10618 1.47937 2.12078 1.47951 3.12078
 1.6496 3.10618 1.47937 2.12078 1.47951 3.12078
 1.6496 3.10618 1.47937 2.12078 1.47951 3.12078
 1.6496 3.10618 1.47937 2.12078 1.47951 3.12078
1.10732 2.62322 1.67686 1.80125 1.25211 2.70656
 1.3028 2.54374 1.96979 1.79867 1.33603 2.57221
 1.3028 2.54374 1.96979 1.79867 1.33603 2.57221
 1.3028 2.54374 1.96979 1.79867 1.33603 2.57221
 1.3028 2.54374 1.96979 1.79867 1.33603 2.57221
 1.3028 2.54374 1.96979 1.79867 1.33603 2.57221
 1.2301 2.07053 2.19467 1.80668 1.25901 2.15959
1.02436 2.43807 2.01162  2.5972 1.01442 2.52243
1.02436 2.43807 2.01162  2.5972 1.01442 2.52243
0.717732  2.47296  1.70943  2.60159 0.735156   2.3762
0.717732  2.47296  1.70943  2.60159 0.735156   2.3762
0.874984  2.87056  1.67448  2.26989 0.677398  2.34626
0.679578  2.88734  1.62533  2.56245 0.789932   3.1121
0.679578  2.88734  1.62533  2.56245 0.789932   3.1121
0.679578  2.88734  1.62533  2.56245 0.789932   3.1121
0.701544  2.92692  1.61061  2.51026 0.688337  2.89681
0.701544  2.92692  1.61061  2.51026 0.688337  2.89681
0.701544  2.92692  1.61061  2.51026 0.688337  2.89681
0.701544  2.92692  1.61061  2.51026 0.688337  2.89681
0.795909  3.28428     1.63  2.73265  1.17924   3.6253
0.795909  3.28428     1.63  2.73265  1.17924   3.6253
0.795909  3.28428     1.63  2.73265  1.17924   3.6253
0.534137  3.52366  1.52328  3.37673 0.896227  4.15571
0.716721   3.7371  1.67655  3.45651 0.975487  4.16961
0.716721   3.7371  1.67655  3.45651 0.975487  4.16961
0.716721   3.7371  1.67655  3.45651 0.975487  4.16961
0.716721   3.7371  1.67655  3.45651 0.975487  4.16961
0.716721   3.7371  1.67655  3.45651 0.975487  4.16961
0.716721   3.7371  1.67655  3.45651 0.975487  4.16961
0.148779  3.67121  1.10356   3.3739 0.440664  4.12261
0.148779  3.67121  1.10356   3.3739 0.440664  4.12261
0.524657  3.94908 0.706746  2.96579 0.163197  3.80517
0.524657  3.94908 0.706746  2.96579 0.163197  3.80517
0.524657  3.94908 0.706746  2.96579 0.163197  3.80517
 0.715033   3.67077  0.595789    2.6779 0.0126171   3.49025
 0.715033   3.67077  0.595789    2.6779 0.0126171   3.49025
0.176266  3.54794 0.378097  2.56852 0.239104  3.55881
  0.505536      3.212 -0.0647231    2.39053   0.326149    3.31098
  0.505536      3.212 -0.0647231    2.39053   0.326149    3.31098
 0.167104   2.86276 0.0554998     1.869  0.188387   2.86013
 0.167104   2.86276 0.0554998     1.869  0.188387   2.86013
-0.30739  2.83563 0.278043  2.02491 0.047635  2.99801
0.404911  2.70358 0.878025  1.82258 0.816882  2.82071
0.404911  2.70358 0.878025  1.82258 0.816882  2.82071
0.404911  2.70358 0.878025  1.82258 0.816882  2.82071
0.404911  2.70358 0.878025  1.82258 0.816882  2.82071
0.404911  2.70358 0.878025  1.82258 0.816882  2.82071
0.404911  2.70358 0.878025  1.82258 0.816882  2.82071
0.740414  2.62274  1.33346  1.81757  1.07494  2.78358
0.378429  3.04817 0.732383  2.11291 0.469897  3.07785
0.378429  3.04817 0.732383  2.11291 0.469897  3.07785
0.378429  3.04817 0.732383  2.11291 0.469897  3.07785
0.461819  3.14146  1.28501  2.57369 0.344935  2.91466
0.461819  3.14146  1.28501  2.57369 0.344935  2.91466
0.461819  3.14146  1.28501  2.57369 0.344935  2.91466
0.732159   2.3047  1.67232  2.64543 0.695628  2.43078
0.732159   2.3047  1.67232  2.64543 0.695628  2.43078
 0.56294  2.78862  1.55706  2.89692 0.632409   2.5161
0.377031  2.24518  1.04132  2.99265 0.365138  2.25592
0.377031  2.24518  1.04132  2.99265 0.365138  2.25592
0.377031  2.24518  1.04132  2.99265 0.365138  2.25592
 0.149263   2.01293  0.965888    2.5901 0.0539762   2.17971
 0.100774   2.20923    0.9645    2.7132 0.0731185   2.25994
0.0359962   2.24367  0.921586   2.70814 0.0809156   2.16659
0.0359962   2.24367  0.921586   2.70814 0.0809156   2.16659
0.0359962   2.24367  0.921586   2.70814 0.0809156   2.16659
0.0359962   2.24367  0.921586   2.70814 0.0809156   2.16659
0.0359962   2.24367  0.921586   2.70814 0.0809156   2.16659
0.0359962   2.24367  0.921586   2.70814 0.0809156   2.16659
0.0359962   2.24367  0.921586   2.70814 0.0809156   2.16659
0.0359962   2.24367  0.921586   2.70814 0.0809156   2.16659
 0.351799   1.82871  0.233473   2.82169 -0.311582   1.98329
 0.351799   1.82871  0.233473   2.82169 -0.311582   1.98329
 0.59918  1.38452  0.33732  2.34963 0.126741  1.37205
 0.59918  1.38452  0.33732  2.34963 0.126741  1.37205
 0.59918  1.38452  0.33732  2.34963 0.126741  1.37205
0.920928  1.47738 0.285405  2.24946 0.373278  1.25333
  0.952864    1.67503 -0.0458144    1.62365   0.817525    1.11903
 0.788397   1.52952 -0.143684   1.16727  0.738293   1.63857
 0.788397   1.52952 -0.143684   1.16727  0.738293   1.63857
 0.788397   1.52952 -0.143684   1.16727  0.738293   1.63857
 0.788397   1.52952 -0.143684   1.16727  0.738293   1.63857
0.957347  1.56345 0.369113 0.754763 0.701734  1.69782
0.957347  1.56345 0.369113 0.754763 0.701734  1.69782
0.957347  1.56345 0.369113 0.754763 0.701734  1.69782
0.957347  1.56345 0.369113 0.754763 0.701734  1.69782
 1.38504  1.41475 0.675594 0.709993  1.44994  1.34276
 1.38504  1.41475 0.675594 0.709993  1.44994  1.34276
 1.38504  1.41475 0.675594 0.709993  1.44994  1.34276
 1.38504  1.41475 0.675594 0.709993  1.44994  1.34276
 1.22756  1.17673 0.372936 0.657492  1.37132 0.714313
1.26862 1.28959 1.01302 0.32281 1.56162  1.1589
1.26862 1.28959 1.01302 0.32281 1.56162  1.1589
1.26862 1.28959 1.01302 0.32281 1.56162  1.1589
 1.29611  1.28682 0.572637 0.596465  1.55775 0.768392
 1.29611  1.28682 0.572637 0.596465  1.55775 0.768392
  1.25776  0.610623  0.433376 0.0445896   1.20052  0.686071
  1.25776  0.610623  0.433376 0.0445896   1.20052  0.686071
  1.25776  0.610623  0.433376 0.0445896   1.20052  0.686071
  1.25776  0.610623  0.433376 0.0445896   1.20052  0.686071
   0.95283   0.756246 -0.0274841   0.558799   0.966932   0.664335
   0.95283   0.756246 -0.0274841   0.558799   0.966932   0.664335
     1.07   0.98021 0.0920781   0.77122   1.04409   1.07728
 1.80938  1.02055 0.849173 0.741264  1.79578  1.06366
 1.80938  1.02055 0.849173 0.741264  1.79578  1.06366
 1.63244 0.893122 0.740287 0.441394  1.55793  1.01712
 1.63244 0.893122 0.740287 0.441394  1.55793  1.01712
 1.63244 0.893122 0.740287 0.441394  1.55793  1.01712
 1.63244 0.893122 0.740287 0.441394  1.55793  1.01712
   1.96824   0.479259    1.14634 -0.0903637    1.80082   0.665712
   1.96824   0.479259    1.14634 -0.0903637    1.80082   0.665712
 1.99215 0.773822 0.999862 0.649889  1.80454  1.24361
 1.92716  1.08351 0.927464  1.05894  1.75648  1.61817
 1.92716  1.08351 0.927464  1.05894  1.75648  1.61817
 1.92716  1.08351 0.927464  1.05894  1.75648  1.61817
 2.07844 0.656127  1.10939 0.902971  2.05908  1.21614
 2.07844 0.656127  1.10939 0.902971  2.05908  1.21614
  1.9799  1.20094  1.05837 0.812615  2.04194 0.632085
  1.9799  1.20094  1.05837 0.812615  2.04194 0.632085
 1.76551  1.16911 0.856629  1.58616  1.83984  1.40371
 1.76551  1.16911 0.856629  1.58616  1.83984  1.40371
2.01523 1.09034 1.65981 2.02505 2.42939  1.3865
2.13492 1.36277  2.0344  2.3577 2.30736 1.39567
2.20569 1.81045 1.99544  2.7881 2.34889 1.85264
2.20569 1.81045 1.99544  2.7881 2.34889 1.85264
2.20569 1.81045 1.99544  2.7881 2.34889 1.85264
2.20569 1.81045 1.99544  2.7881 2.34889 1.85264
2.20569 1.81045 1.99544  2.7881 2.34889 1.85264
2.20569 1.81045 1.99544  2.7881 2.34889 1.85264
2.20569 1.81045 1.99544  2.7881 2.34889 1.85264
2.20569 1.81045 1.99544  2.7881 2.34889 1.85264
2.17284 2.22873  1.8526 3.17606 2.09607 2.20615
2.17284 2.22873  1.8526 3.17606 2.09607 2.20615
2.17284 2.22873  1.8526 3.17606 2.09607 2.20615
2.16158 2.48483 1.20101  2.7629 2.19278 2.63484
2.14712  2.6791 1.17048 2.89395 2.04647 2.41163
2.30567   2.327 1.36931 1.97595 2.30134 2.33833
2.30567   2.327 1.36931 1.97595 2.30134 2.33833
2.30567   2.327 1.36931 1.97595 2.30134 2.33833
2.30567   2.327 1.36931 1.97595 2.30134 2.33833
  2.953 2.31742 1.97585 2.52995 2.97429 2.58571
  2.953 2.31742 1.97585 2.52995 2.97429 2.58571
  2.953 2.31742 1.97585 2.52995 2.97429 2.58571
  2.953 2.31742 1.97585 2.52995 2.97429 2.58571
3.03189 2.53118 2.03238 2.49995 3.02359 2.63218
3.03189 2.53118 2.03238 2.49995 3.02359 2.63218
2.61159 2.48186 1.69621 2.88444  2.5286 2.33025
2.61159 2.48186 1.69621 2.88444  2.5286 2.33025
2.61159 2.48186 1.69621 2.88444  2.5286 2.33025
2.61159 2.48186 1.69621 2.88444  2.5286 2.33025
2.61159 2.48186 1.69621 2.88444  2.5286 2.33025
 2.3277 2.47859 1.40957 2.87488 2.37487 2.61371
2.34914   2.963 1.41146  2.6155 2.27378 3.12187
2.40888 3.24529 1.44061 2.99537   2.439 3.05217
2.40888 3.24529 1.44061 2.99537   2.439 3.05217
2.40888 3.24529 1.44061 2.99537   2.439 3.05217
2.27317 3.63551 1.86352 2.72327  2.3968 3.56921
1.70168 4.03921 2.06989 3.10947 1.93605 4.10047
1.62312 3.44368 2.24807 2.66301 2.41196 3.64949
2.00565 3.78824 2.22329 2.81221 2.16042 3.81023
2.00565 3.78824 2.22329 2.81221 2.16042 3.81023
2.00565 3.78824 2.22329 2.81221 2.16042 3.81023
2.00565 3.78824 2.22329 2.81221 2.16042 3.81023
2.00565 3.78824 2.22329 2.81221 2.16042 3.81023
1.76734 3.89542 2.17966 2.98438 1.93483 3.95395
2.03629 4.15396 2.44405 3.24087 2.07195 4.16906
2.03629 4.15396 2.44405 3.24087 2.07195 4.16906
2.03629 4.15396 2.44405 3.24087 2.07195 4.16906
 1.8482 4.12214 2.54712 3.40695 1.77484 4.04222
 1.8482 4.12214 2.54712 3.40695 1.77484 4.04222
 1.8482 4.12214 2.54712 3.40695 1.77484 4.04222
2.01119 4.25416 2.42985 3.34601 1.56376  3.8459
 1.8282 4.54963 2.60443 3.91919 1.60536 3.96233
 1.8282 4.54963 2.60443 3.91919 1.60536 3.96233
 1.8282 4.54963 2.60443 3.91919 1.60536 3.96233
1.73582  4.4497 2.51273 3.82009 1.53114 3.62911
1.26627 4.40849 2.25064 4.23239 1.27866 3.99731
0.914813   3.9001  1.85835  4.23136 0.860683  4.16313
0.914813   3.9001  1.85835  4.23136 0.860683  4.16313
0.914813   3.9001  1.85835  4.23136 0.860683  4.16313
0.914813   3.9001  1.85835  4.23136 0.860683  4.16313
 1.06057  3.84815  1.43903  4.77377 0.764724  4.03532
 1.06057  3.84815  1.43903  4.77377 0.764724  4.03532
0.919889  4.32135  1.07661  5.30899 0.673694  4.39376
0.919889  4.32135  1.07661  5.30899 0.673694  4.39376
0.919889  4.32135  1.07661  5.30899 0.673694  4.39376
1.38843  4.2131 1.54308 5.20107 1.03896 4.33743
1.38843  4.2131 1.54308 5.20107 1.03896 4.33743
1.35133 4.70903 2.21462 5.21374 1.47879 4.53657
1.73352 5.26892 2.58172 4.73924 1.58179 4.72724
1.73352 5.26892 2.58172 4.73924 1.58179 4.72724
1.73352 5.26892 2.58172 4.73924 1.58179 4.72724
0.901919   5.6065   1.8944  5.48412  1.02831  4.98423
0.901919   5.6065   1.8944  5.48412  1.02831  4.98423
0.901919   5.6065   1.8944  5.48412  1.02831  4.98423
0.901919   5.6065   1.8944  5.48412  1.02831  4.98423
1.46754   5.917 2.46272 6.01506 1.70597 5.36136
1.46754   5.917 2.46272 6.01506 1.70597 5.36136
1.46754   5.917 2.46272 6.01506 1.70597 5.36136
1.46754   5.917 2.46272 6.01506 1.70597 5.36136
1.46754   5.917 2.46272 6.01506 1.70597 5.36136
1.46754   5.917 2.46272 6.01506 1.70597 5.36136
1.46754   5.917 2.46272 6.01506 1.70597 5.36136
1.46754   5.917 2.46272 6.01506 1.70597 5.36136
1.46754   5.917 2.46272 6.01506 1.70597 5.36136
1.46754   5.917 2.46272 6.01506 1.70597 5.36136
1.87906  5.6158 2.57387   6.335 1.77675 5.73118
1.49534 6.01949 2.44004  6.3474 1.46796 6.11276
1.23814 6.94767 2.07936 6.40698 1.09131 6.56115
1.36011 7.02914 1.40496 6.03014 1.24946 7.01798
1.36011 7.02914 1.40496 6.03014 1.24946 7.01798
1.36011 7.02914 1.40496 6.03014 1.24946 7.01798
0.985156  6.80083 0.775477  5.82306 0.949925  6.80773
0.985156  6.80083 0.775477  5.82306 0.949925  6.80773
0.985156  6.80083 0.775477  5.82306 0.949925  6.80773
0.985156  6.80083 0.775477  5.82306 0.949925  6.80773
0.985156  6.80083 0.775477  5.82306 0.949925  6.80773
0.985156  6.80083 0.775477  5.82306 0.949925  6.80773
0.244064  6.89264 0.287163  5.89357 0.661178    6.821
0.498808  7.41926 0.732045  6.44684 0.947608  7.42333
0.498808  7.41926 0.732045  6.44684 0.947608  7.42333
0.498808  7.41926 0.732045  6.44684 0.947608  7.42333
0.498808  7.41926 0.732045  6.44684 0.947608  7.42333
0.498808  7.41926 0.732045  6.44684 0.947608  7.42333
0.498808  7.41926 0.732045  6.44684 0.947608  7.42333
0.498808  7.41926 0.732045  6.44684 0.947608  7.42333
0.498808  7.41926 0.732045  6.44684 0.947608  7.42333
0.498808  7.41926 0.732045  6.44684 0.947608  7.42333
0.498808  7.41926 0.732045  6.44684 0.947608  7.42333
0.265937  7.70427 0.631877  6.77363 0.189362  7.67039
0.265937  7.70427 0.631877  6.77363 0.189362  7.67039
0.265937  7.70427 0.631877  6.77363 0.189362  7.67039
0.265937  7.70427 0.631877  6.77363 0.189362  7.67039
0.265937  7.70427 0.631877  6.77363 0.189362  7.67039
 0.267007    7.9523 0.0635949   6.97321  0.205602   7.96307
 0.267007    7.9523 0.0635949   6.97321  0.205602   7.96307
 0.267007    7.9523 0.0635949   6.97321  0.205602   7.96307
 0.267007    7.9523 0.0635949   6.97321  0.205602   7.96307
 0.267007    7.9523 0.0635949   6.97321  0.205602   7.96307
 0.42474  8.40245 0.619737  7.42164 0.510797  8.41569
0.0769885   7.75012  0.751058   7.01145  0.112293   7.78086
 0.0371099    8.03913 0.00413404    7.03967  0.0579779    8.03822
 0.0371099    8.03913 0.00413404    7.03967  0.0579779    8.03822
-0.330644   7.94293  0.103106    7.0419  0.479942   7.96818
-0.330644   7.94293  0.103106    7.0419  0.479942   7.96818
-0.130447   8.18875  0.544453   7.45084 0.0296556   8.30815
0.493224  8.10992  1.36907  7.62732 0.419674  7.94142
0.355222  7.99494  1.06077  7.28628 0.557758  8.15056
0.355222  7.99494  1.06077  7.28628 0.557758  8.15056
0.621674  7.46325   1.1421  6.60934  1.07639  7.60718
1.30394 7.36992 1.46874  6.3836 1.26219 7.36203
1.30394 7.36992 1.46874  6.3836 1.26219 7.36203
1.30394 7.36992 1.46874  6.3836 1.26219 7.36203
1.30394 7.36992 1.46874  6.3836 1.26219 7.36203
0.928296  8.49907 0.782731  7.50972  1.19703  8.41986
0.928296  8.49907 0.782731  7.50972  1.19703  8.41986
0.928296  8.49907 0.782731  7.50972  1.19703  8.41986
0.928296  8.49907 0.782731  7.50972  1.19703  8.41986
0.928296  8.49907 0.782731  7.50972  1.19703  8.41986
0.928296  8.49907 0.782731  7.50972  1.19703  8.41986
0.928296  8.49907 0.782731  7.50972  1.19703  8.41986
0.978564  8.68931 0.436299   7.8491  1.20801  8.48507
0.978564  8.68931 0.436299   7.8491  1.20801  8.48507
0.978564  8.68931 0.436299   7.8491  1.20801  8.48507
0.978564  8.68931 0.436299   7.8491  1.20801  8.48507
1.32293 9.06271 0.74142 8.24917 1.66136 8.64122
1.32293 9.06271 0.74142 8.24917 1.66136 8.64122
1.32293 9.06271 0.74142 8.24917 1.66136 8.64122
1.59886 9.10209 1.18101 8.19358 1.67069 9.06548
1.97478 9.10856 1.64334 8.16508 1.41374 9.13837
1.97478 9.10856 1.64334 8.16508 1.41374 9.13837
1.97478 9.10856 1.64334 8.16508 1.41374 9.13837
1.94967  8.9955 2.49948 8.16022 1.79472 8.86966
1.66549 8.56375 2.40647 7.89222 1.62115 8.51132
1.66549 8.56375 2.40647 7.89222 1.62115 8.51132
1.58004 8.16046  2.5507 7.91999 1.88604 8.66714
1.58004 8.16046  2.5507 7.91999 1.88604 8.66714
1.58004 8.16046  2.5507 7.91999 1.88604 8.66714
1.70709 7.96975 2.63654  7.6008 1.79515 8.14122
1.99019 7.49316 2.98808 7.42833 1.99596 7.30304
1.99019 7.49316 2.98808 7.42833 1.99596 7.30304
1.99019 7.49316 2.98808 7.42833 1.99596 7.30304
1.99019 7.49316 2.98808 7.42833 1.99596 7.30304
2.31011 7.42551 2.97336 8.17391 2.15094 7.60503
1.81329 7.51293 2.47318 8.26429  1.6626 7.67866
1.81329 7.51293 2.47318 8.26429  1.6626 7.67866
1.81329 7.51293 2.47318 8.26429  1.6626 7.67866
1.57227 7.82471 2.41973 8.35556 1.80149 7.56958
2.01072 7.64632 2.93733 7.27031 1.95254 7.44407
2.01072 7.64632 2.93733 7.27031 1.95254 7.44407
1.76971 7.46299 2.76905 7.49956 1.76977 7.53766
1.76971 7.46299 2.76905 7.49956 1.76977 7.53766
1.76971 7.46299 2.76905 7.49956 1.76977 7.53766
1.76971 7.46299 2.76905 7.49956 1.76977 7.53766
1.76971 7.46299 2.76905 7.49956 1.76977 7.53766
1.99554 7.94475 2.97066 7.72309 1.97177 7.67608
1.99554 7.94475 2.97066 7.72309 1.97177 7.67608
2.09837 7.41158 2.99549 7.85337    2.01 8.02313
2.09837 7.41158 2.99549 7.85337    2.01 8.02313
2.42983 7.71483 3.37215 8.04955 2.40594  8.3073
 2.8887 7.76751 3.88823 7.73671 3.30696 8.55043
2.70784 7.94206 3.66919  8.2174 2.72123 8.53578
2.70784 7.94206 3.66919  8.2174 2.72123 8.53578
2.93049  7.3622 3.87351 7.02948 3.15286 7.72277
2.93049  7.3622 3.87351 7.02948 3.15286 7.72277
 3.3079 7.35079 4.30481 7.27231 3.31609 7.12258
 3.3829 7.50351 4.05076 8.24778 3.63696 7.33742
 3.3829 7.50351 4.05076 8.24778 3.63696 7.33742
3.40953 7.59189 3.71451 8.54425 3.82701  7.5506
4.68544 7.68971  4.2275 8.57869 3.87756 7.64192
4.06525 7.31122  4.3787 8.26082 4.09331 7.30241
4.06525 7.31122  4.3787 8.26082 4.09331 7.30241
4.06525 7.31122  4.3787 8.26082 4.09331 7.30241
4.06525 7.31122  4.3787 8.26082 4.09331 7.30241
3.69807 7.47256 4.30839 8.26472  4.3498 7.26558
3.69807 7.47256 4.30839 8.26472  4.3498 7.26558
3.69807 7.47256 4.30839 8.26472  4.3498 7.26558
3.69807 7.47256 4.30839 8.26472  4.3498 7.26558
3.69807 7.47256 4.30839 8.26472  4.3498 7.26558
3.69807 7.47256 4.30839 8.26472  4.3498 7.26558
3.64571 7.24285 4.06469 8.15085  3.5536 7.29132
3.74355 7.34823 4.42912 8.07624 3.97825 7.18365
3.74355 7.34823 4.42912 8.07624 3.97825 7.18365
3.74355 7.34823 4.42912 8.07624 3.97825 7.18365
3.74355 7.34823 4.42912 8.07624 3.97825 7.18365
3.74355 7.34823 4.42912 8.07624 3.97825 7.18365
3.74355 7.34823 4.42912 8.07624 3.97825 7.18365
4.01259 6.87176 4.44244 7.77466 4.07804 6.84342
4.01259 6.87176 4.44244 7.77466 4.07804 6.84342
4.01259 6.87176 4.44244 7.77466 4.07804 6.84342
4.01259 6.87176 4.44244 7.77466 4.07804 6.84342
4.09471 6.98947 4.40495 7.94013 4.35672 6.94129
4.09471 6.98947 4.40495 7.94013 4.35672 6.94129
4.11817 6.95858 4.11872 7.95858 3.97545 6.96889
4.11817 6.95858 4.11872 7.95858 3.97545 6.96889
4.03214 7.57041 4.86809 8.11922  3.9997 7.62333
4.03214 7.57041 4.86809 8.11922  3.9997 7.62333
4.03214 7.57041 4.86809 8.11922  3.9997 7.62333
4.03214 7.57041 4.86809 8.11922  3.9997 7.62333
4.28377  7.5938 4.83991 8.42488 4.61261 7.45106
4.47693 7.82568 4.36458 8.81935 4.48499 7.82663
4.47693 7.82568 4.36458 8.81935 4.48499 7.82663
4.47693 7.82568 4.36458 8.81935 4.48499 7.82663
4.47693 7.82568 4.36458 8.81935 4.48499 7.82663
4.47693 7.82568 4.36458 8.81935 4.48499 7.82663
4.47693 7.82568 4.36458 8.81935 4.48499 7.82663
4.47693 7.82568 4.36458 8.81935 4.48499 7.82663
4.29093 8.21865 4.93054 8.98735  4.4125 8.13199
4.29093 8.21865 4.93054 8.98735  4.4125 8.13199
4.29093 8.21865 4.93054 8.98735  4.4125 8.13199
4.16474 8.08475 5.03689   8.574 4.35756 7.84017
4.16474 8.08475 5.03689   8.574 4.35756 7.84017
4.16474 8.08475 5.03689   8.574 4.35756 7.84017
4.16474 8.08475 5.03689   8.574 4.35756 7.84017
4.16474 8.08475 5.03689   8.574 4.35756 7.84017
4.13515 8.60333  4.9432 9.19245 3.97646 8.93668
4.02902 7.90257 4.76642 8.57803 3.80312  8.3096
4.02902 7.90257 4.76642 8.57803 3.80312  8.3096
4.02902 7.90257 4.76642 8.57803 3.80312  8.3096
4.02902 7.90257 4.76642 8.57803 3.80312  8.3096
4.02902 7.90257 4.76642 8.57803 3.80312  8.3096
3.93758  7.9318 4.30843 8.86049 3.79746  8.0009
3.93758  7.9318 4.30843 8.86049 3.79746  8.0009
3.93758  7.9318 4.30843 8.86049 3.79746  8.0009
 3.4405 8.34489 3.82775 9.26687 3.15115 8.53052
 3.4405 8.34489 3.82775 9.26687 3.15115 8.53052
  2.681 8.34272 3.54696 8.84282 2.62062 8.46615
  2.681 8.34272 3.54696 8.84282 2.62062 8.46615
2.19439 8.46118 3.19407 8.48625 2.19994 8.37805
2.19439 8.46118 3.19407 8.48625 2.19994 8.37805
2.19439 8.46118 3.19407 8.48625 2.19994 8.37805
2.28626 8.42529 3.21837 8.06313 2.26175 8.35448
2.51124 9.32776 3.26388 8.66934 2.30003  8.4029
2.66363 9.08731 3.64741 8.90795 2.78939 8.39434
2.92581 9.62714 3.63669 8.92382 2.67132 8.66292
2.92581 9.62714 3.63669 8.92382 2.67132 8.66292
2.92581 9.62714 3.63669 8.92382 2.67132 8.66292
2.92581 9.62714 3.63669 8.92382 2.67132 8.66292
2.92581 9.62714 3.63669 8.92382 2.67132 8.66292
2.92581 9.62714 3.63669 8.92382 2.67132 8.66292
2.72149 9.25235 3.65789 9.60328  2.7859 9.11375
2.72149 9.25235 3.65789 9.60328  2.7859 9.11375
2.78265 9.08994 3.78265 9.09114 2.78306 9.11973
2.78265 9.08994 3.78265 9.09114 2.78306 9.11973
2.77318 9.07568 3.74711  9.3025 2.93621 8.71732
3.04092  9.2012 4.03171 9.33657 3.03662 9.43557
3.04092  9.2012 4.03171 9.33657 3.03662 9.43557
3.23876 8.80707 3.69026 9.69934 3.00768 8.96854
3.23876 8.80707 3.69026 9.69934 3.00768 8.96854
3.23876 8.80707 3.69026 9.69934 3.00768 8.96854
3.46437 9.03629 3.47197 10.0363 3.54061 9.03862
3.46437 9.03629 3.47197 10.0363 3.54061 9.03862
3.46437 9.03629 3.47197 10.0363 3.54061 9.03862
3.46437 9.03629 3.47197 10.0363 3.54061 9.03862
3.46437 9.03629 3.47197 10.0363 3.54061 9.03862
3.46437 9.03629 3.47197 10.0363 3.54061 9.03862
 3.4057  9.1099 3.61085 10.0886 3.07482 9.24443
3.48966 9.24599  3.1451 10.1848 3.06439 9.18802
3.48966 9.24599  3.1451 10.1848 3.06439 9.18802
3.48966 9.24599  3.1451 10.1848 3.06439 9.18802
 3.4879 9.28218 3.04927 10.1808 3.64126  9.3749
 3.4879 9.28218 3.04927 10.1808 3.64126  9.3749
 3.4879 9.28218 3.04927 10.1808 3.64126  9.3749
3.89035 9.52739 3.02186 10.0231 3.34985 9.07842
3.89035 9.52739 3.02186 10.0231 3.34985 9.07842
3.89035 9.52739 3.02186 10.0231 3.34985 9.07842
3.89035 9.52739 3.02186 10.0231 3.34985 9.07842
3.35914  9.6937 2.91973  10.592 3.32756 9.67893
3.35914  9.6937 2.91973  10.592 3.32756 9.67893
3.35914  9.6937 2.91973  10.592 3.32756 9.67893
3.83001 10.0671 3.36487 10.9524 3.27507 9.95639
3.83001 10.0671 3.36487 10.9524 3.27507 9.95639
3.83001 10.0671 3.36487 10.9524 3.27507 9.95639
3.83001 10.0671 3.36487 10.9524 3.27507 9.95639
 3.6653 10.2003 3.57419 11.1961 4.03059 10.3063
 3.6653 10.2003 3.57419 11.1961 4.03059 10.3063
 3.6653 10.2003 3.57419 11.1961 4.03059 10.3063
4.46225  11.113 3.93643 11.9636 4.42645 11.0919
4.46225  11.113 3.93643 11.9636 4.42645 11.0919
4.57583 11.2531 3.57726 11.1997 4.51532 10.8533
4.55346  11.344 3.81012 12.0129 4.25874 11.1192
4.75116 10.8236 4.38229 11.7531 4.66897  10.795
4.75116 10.8236 4.38229 11.7531 4.66897  10.795
4.75116 10.8236 4.38229 11.7531 4.66897  10.795
4.75116 10.8236 4.38229 11.7531 4.66897  10.795
4.53046 10.7859 4.29905 11.7588 4.72096 10.8522
4.53046 10.7859 4.29905 11.7588 4.72096 10.8522
4.53046 10.7859 4.29905 11.7588 4.72096 10.8522
4.53046 10.7859 4.29905 11.7588 4.72096 10.8522
4.53046 10.7859 4.29905 11.7588 4.72096 10.8522
4.53046 10.7859 4.29905 11.7588 4.72096 10.8522
5.07173 11.3816 4.62065  12.274  4.7707 11.2854
5.07173 11.3816 4.62065  12.274  4.7707 11.2854
5.07173 11.3816 4.62065  12.274  4.7707 11.2854
5.07173 11.3816 4.62065  12.274  4.7707 11.2854
5.07173 11.3816 4.62065  12.274  4.7707 11.2854
5.07173 11.3816 4.62065  12.274  4.7707 11.2854
5.07765 11.3986 4.85689 12.3739 4.71585 11.3839
5.07765 11.3986 4.85689 12.3739 4.71585 11.3839
 5.0498 11.3269 4.66603 12.2503 5.34132 11.5127
5.58677  11.543 4.69375  11.993 5.44628 11.3344
5.58677  11.543 4.69375  11.993 5.44628 11.3344
5.25756 12.0154 4.25772 11.9974 5.24952 11.8696
5.25756 12.0154 4.25772 11.9974 5.24952 11.8696
5.19877 11.4353 4.41963 12.0622 5.39882 11.8592
5.19877 11.4353 4.41963 12.0622 5.39882 11.8592
5.19877 11.4353 4.41963 12.0622 5.39882 11.8592
5.19877 11.4353 4.41963 12.0622 5.39882 11.8592
5.19877 11.4353 4.41963 12.0622 5.39882 11.8592
5.07618 12.2337 4.16567 11.8203 5.16422 11.7663
5.07618 12.2337 4.16567 11.8203 5.16422 11.7663
5.07618 12.2337 4.16567 11.8203 5.16422 11.7663
5.07618 12.2337 4.16567 11.8203 5.16422 11.7663
5.07618 12.2337 4.16567 11.8203 5.16422 11.7663
5.07618 12.2337 4.16567 11.8203 5.16422 11.7663
5.07618 12.2337 4.16567 11.8203 5.16422 11.7663
5.07618 12.2337 4.16567 11.8203 5.16422 11.7663
 5.0133 11.9324 4.01619 11.8564 4.86269 12.3888
 5.0133 11.9324 4.01619 11.8564 4.86269 12.3888
 5.0133 11.9324 4.01619 11.8564 4.86269 12.3888
 5.0133 11.9324 4.01619 11.8564 4.86269 12.3888
 5.0133 11.9324 4.01619 11.8564 4.86269 12.3888
 5.0133 11.9324 4.01619 11.8564 4.86269 12.3888
4.45157 12.7102  3.9821 11.8273 4.80012 12.4025
4.45157 12.7102  3.9821 11.8273 4.80012 12.4025
5.04258 12.5427 4.35724 11.8144 5.05865 12.5272
5.04258 12.5427 4.35724 11.8144 5.05865 12.5272
5.04258 12.5427 4.35724 11.8144 5.05865 12.5272
5.04258 12.5427 4.35724 11.8144 5.05865 12.5272
5.04258 12.5427 4.35724 11.8144 5.05865 12.5272
5.04258 12.5427 4.35724 11.8144 5.05865 12.5272
5.04258 12.5427 4.35724 11.8144 5.05865 12.5272
5.04258 12.5427 4.35724 11.8144 5.05865 12.5272
4.55468 12.5072 5.05408 11.6408 5.21222 12.6282
4.55468 12.5072 5.05408 11.6408 5.21222 12.6282
4.55468 12.5072 5.05408 11.6408 5.21222 12.6282
4.55468 12.5072 5.05408 11.6408 5.21222 12.6282
4.55468 12.5072 5.05408 11.6408 5.21222 12.6282
5.02076 12.6378 4.71106  11.687 5.40589 12.4062
5.02076 12.6378 4.71106  11.687 5.40589 12.4062
5.02076 12.6378 4.71106  11.687 5.40589 12.4062
5.02076 12.6378 4.71106  11.687 5.40589 12.4062
5.02076 12.6378 4.71106  11.687 5.40589 12.4062
4.75915 12.3411 3.78044 12.1358 4.77621 12.2277
4.75915 12.3411 3.78044 12.1358 4.77621 12.2277
4.75915 12.3411 3.78044 12.1358 4.77621 12.2277
4.75915 12.3411 3.78044 12.1358 4.77621 12.2277
4.28818 11.8626 3.29707 11.9956 4.10449 11.4057
4.28818 11.8626 3.29707 11.9956 4.10449 11.4057
4.28818 11.8626 3.29707 11.9956 4.10449 11.4057
4.28818 11.8626 3.29707 11.9956 4.10449 11.4057
3.98194 12.2915 2.98194 12.2886 3.97017 12.4416
3.98194 12.2915 2.98194 12.2886 3.97017 12.4416
3.98194 12.2915 2.98194 12.2886 3.97017 12.4416
3.98194 12.2915 2.98194 12.2886 3.97017 12.4416
3.97652 12.0929 3.00689 11.8484 3.88563 12.3257
3.97652 12.0929 3.00689 11.8484 3.88563 12.3257
3.58053 12.4406 2.98282 11.6389 3.59908 12.4265
3.31794 12.3504 2.75929  11.521 3.39556 12.2925
3.54743 12.5511 3.29474 11.5835 3.11442 12.5672
3.54743 12.5511 3.29474 11.5835 3.11442 12.5672
3.54743 12.5511 3.29474 11.5835 3.11442 12.5672
 3.0304 12.8654 3.27992  11.897 3.00325  12.858
 3.0304 12.8654 3.27992  11.897 3.00325  12.858
 3.0304 12.8654 3.27992  11.897 3.00325  12.858
 3.0304 12.8654 3.27992  11.897 3.00325  12.858
2.97253 12.7423 3.04354 11.7449 2.85741 12.7274
2.97253 12.7423 3.04354 11.7449 2.85741 12.7274
2.67783   12.55  2.4839 11.5689 2.24432 12.5398
 2.2426 12.7354 2.03191 11.7579 2.09632 12.7558
2.24458 12.2728 2.51047 11.3088 2.31259 12.2891
  2.072 12.6275 2.27609 11.6485 2.39187 12.6418
 1.9099 12.6245 2.66925 11.9738 2.14618 12.8261
 1.9099 12.6245 2.66925 11.9738 2.14618 12.8261
 1.9099 12.6245 2.66925 11.9738 2.14618 12.8261
2.09361 12.5862 3.05055 12.2959 2.05264 12.3605
2.09361 12.5862 3.05055 12.2959 2.05264 12.3605
2.09361 12.5862 3.05055 12.2959 2.05264 12.3605
2.09361 12.5862 3.05055 12.2959 2.05264 12.3605
2.09361 12.5862 3.05055 12.2959 2.05264 12.3605
2.09361 12.5862 3.05055 12.2959 2.05264 12.3605
2.41507 12.1761 3.24892 11.6241 2.41302  12.173
2.41507 12.1761 3.24892 11.6241 2.41302  12.173
2.38366 11.6419 3.12773 10.9738 2.62193 11.8364
2.38366 11.6419 3.12773 10.9738 2.62193 11.8364
2.20985 11.5069 3.11957 11.0917 2.66491 11.9824
2.20985 11.5069 3.11957 11.0917 2.66491 11.9824
2.09261 11.8099 2.80324 11.1063 2.88954 12.1026
2.09261 11.8099 2.80324 11.1063 2.88954 12.1026
2.09261 11.8099 2.80324 11.1063 2.88954 12.1026
2.09261 11.8099 2.80324 11.1063 2.88954 12.1026
2.09261 11.8099 2.80324 11.1063 2.88954 12.1026
2.20253 11.9549 2.79281 11.1477 3.04951 12.1142
2.20253 11.9549 2.79281 11.1477 3.04951 12.1142
2.24909 12.1839 2.58056 11.2404 2.98868 12.1534
2.24909 12.1839 2.58056 11.2404 2.98868 12.1534
2.24909 12.1839 2.58056 11.2404 2.98868 12.1534
2.24909 12.1839 2.58056 11.2404 2.98868 12.1534
2.49901 12.4157 3.18819 11.6911 3.02762 12.6781
2.49901 12.4157 3.18819 11.6911 3.02762 12.6781
2.40465 12.0713 3.29952  11.625 2.58393 12.3235
2.79229 12.0345 2.90396 11.0408 2.80989 12.0364
3.43428 11.6856 2.98223 10.7936 3.31892 11.7352
3.43428 11.6856 2.98223 10.7936 3.31892 11.7352
3.43428 11.6856 2.98223 10.7936 3.31892 11.7352
3.43428 11.6856 2.98223 10.7936 3.31892 11.7352
2.93334 11.7547 2.17466 11.1032 3.13374 11.3864
3.18573 11.1377 2.25793 11.5107 3.21277 11.2136
3.18573 11.1377 2.25793 11.5107 3.21277 11.2136
3.12061 10.9821 2.17606 11.3104 3.14807 11.0755
3.12061 10.9821 2.17606 11.3104 3.14807 11.0755
3.12061 10.9821 2.17606 11.3104 3.14807 11.0755
2.84751 10.7992 2.11484 11.4798 2.89291 10.8516
2.84751 10.7992 2.11484 11.4798 2.89291 10.8516
2.91247 10.8456  2.0636 11.3742 2.67766 10.5849
2.91247 10.8456  2.0636 11.3742 2.67766 10.5849
2.80465 10.6381 2.09422 11.3419 2.11475 10.3421
2.80465 10.6381 2.09422 11.3419 2.11475 10.3421
2.96043 11.1734 2.39773 12.0001  2.0756 11.0534
2.96043 11.1734 2.39773 12.0001  2.0756 11.0534
2.96043 11.1734 2.39773 12.0001  2.0756 11.0534
2.96043 11.1734 2.39773 12.0001  2.0756 11.0534
2.43197 10.9495 2.70285 11.9121 1.93229 11.2748
1.98612 10.7728  2.2699 11.7317 1.96395 10.7796
1.98612 10.7728  2.2699 11.7317 1.96395 10.7796
1.98612 10.7728  2.2699 11.7317 1.96395 10.7796
1.98612 10.7728  2.2699 11.7317 1.96395 10.7796
1.79531  10.828 1.40857 11.7502 1.63916 10.7772
1.79531  10.828 1.40857 11.7502 1.63916 10.7772
1.79531  10.828 1.40857 11.7502 1.63916 10.7772
1.79531  10.828 1.40857 11.7502 1.63916 10.7772
1.79531  10.828 1.40857 11.7502 1.63916 10.7772
1.28877 10.6921  1.4047 11.6854 1.40405 10.6854
1.28877 10.6921  1.4047 11.6854 1.40405 10.6854
1.28877 10.6921  1.4047 11.6854 1.40405 10.6854
1.20241 10.3294 1.30557 11.3241 1.51871 10.3471
1.20241 10.3294 1.30557 11.3241 1.51871 10.3471
1.20241 10.3294 1.30557 11.3241 1.51871 10.3471
1.20241 10.3294 1.30557 11.3241 1.51871 10.3471
1.20241 10.3294 1.30557 11.3241 1.51871 10.3471
 1.41624  10.5942 0.842133   11.413  1.15415  10.4629
 1.42891  10.5624 0.658935  11.2005  1.18288  10.3487
 1.42891  10.5624 0.658935  11.2005  1.18288  10.3487
 1.45657  10.4381 0.596724  10.9487  1.57445  10.7388
 1.45657  10.4381 0.596724  10.9487  1.57445  10.7388
 1.45657  10.4381 0.596724  10.9487  1.57445  10.7388
 1.70237  10.9151 0.812771  11.3718  1.61868  10.7798
 1.70237  10.9151 0.812771  11.3718  1.61868  10.7798
 1.70237  10.9151 0.812771  11.3718  1.61868  10.7798
 2.5315 11.4297  1.5514 11.6283 2.45217  11.194
 2.5315 11.4297  1.5514 11.6283 2.45217  11.194
 2.5315 11.4297  1.5514 11.6283 2.45217  11.194
 2.5315 11.4297  1.5514 11.6283 2.45217  11.194
2.21304 11.5803 1.21728 11.4884 2.16895 11.1813
1.91784 12.2244 1.16043 11.5715 2.14139 11.3772
1.91784 12.2244 1.16043 11.5715 2.14139 11.3772
 1.8823  12.319 1.21401 11.5751 2.16099 11.8964
 1.8823  12.319 1.21401 11.5751 2.16099 11.8964
1.99274 11.6307 1.13189 11.1219 1.96169 11.6799
1.99274 11.6307 1.13189 11.1219 1.96169 11.6799
2.25205 11.8603 1.28858 11.5924 2.28733 11.5424
2.25205 11.8603 1.28858 11.5924 2.28733 11.5424
2.25205 11.8603 1.28858 11.5924 2.28733 11.5424
2.25205 11.8603 1.28858 11.5924 2.28733 11.5424
2.30333 11.9878 1.47266 11.4311  2.2523 12.0573
1.98248 11.7668 1.03395 11.4501 1.96827 11.8066
2.23901 12.2652 1.34118 11.8249 2.31656 11.6044
2.23901 12.2652 1.34118 11.8249 2.31656 11.6044
2.23901 12.2652 1.34118 11.8249 2.31656 11.6044
2.23901 12.2652 1.34118 11.8249 2.31656 11.6044
2.23901 12.2652 1.34118 11.8249 2.31656 11.6044
2.23901 12.2652 1.34118 11.8249 2.31656 11.6044
 1.73152  12.0377 0.930156  11.4395  1.80425  11.9253
 1.54265  11.6187 0.814405  10.9334  1.75633  11.2692
  1.7784  11.4772 0.808566  11.2334  1.79994  11.3645
  1.7784  11.4772 0.808566  11.2334  1.79994  11.3645
  1.7784  11.4772 0.808566  11.2334  1.79994  11.3645
  1.7784  11.4772 0.808566  11.2334  1.79994  11.3645
  1.7784  11.4772 0.808566  11.2334  1.79994  11.3645
 1.38698  11.5136 0.664109  10.8227  1.31433  11.5824
 1.38698  11.5136 0.664109  10.8227  1.31433  11.5824
 1.38698  11.5136 0.664109  10.8227  1.31433  11.5824
 1.38698  11.5136 0.664109  10.8227  1.31433  11.5824
 1.38698  11.5136 0.664109  10.8227  1.31433  11.5824
 1.38698  11.5136 0.664109  10.8227  1.31433  11.5824
 1.38698  11.5136 0.664109  10.8227  1.31433  11.5824
 1.38698  11.5136 0.664109  10.8227  1.31433  11.5824
 1.38698  11.5136 0.664109  10.8227  1.31433  11.5824
 1.38698  11.5136 0.664109  10.8227  1.31433  11.5824
 1.27149  12.0757 0.677855   11.271  1.39109  11.9719
 1.27149  12.0757 0.677855   11.271  1.39109  11.9719
 1.06286  11.7995 0.421485  11.0323 0.745845  11.9782
 0.874747    11.535 -0.120482   11.4374  0.844186   11.7009
 1.07673  11.5024 0.117539  11.7852  1.11543  11.7202
 1.07673  11.5024 0.117539  11.7852  1.11543  11.7202
 1.07673  11.5024 0.117539  11.7852  1.11543  11.7202
 1.07673  11.5024 0.117539  11.7852  1.11543  11.7202
 0.758863    11.201 -0.020526   11.8275  0.938295   11.5435
 0.758863    11.201 -0.020526   11.8275  0.938295   11.5435
 0.758863    11.201 -0.020526   11.8275  0.938295   11.5435
 1.33572  11.6386 0.492541  12.1762  1.39635  11.7483
  0.960344    11.7428 -0.0100684    11.9842   0.963365    11.7552
  0.960344    11.7428 -0.0100684    11.9842   0.963365    11.7552
 0.648863    11.894 -0.137433   11.2762  0.831875    11.522
 0.648863    11.894 -0.137433   11.2762  0.831875    11.522
 0.96842  11.5182 0.306759  10.7684  0.81197  11.6314
 0.96842  11.5182 0.306759  10.7684  0.81197  11.6314
 0.628176   11.8261 -0.185477   11.2447  0.502417   11.9706
1.05568  12.048 0.15365 11.6163 1.15308 11.6501
 0.414118   12.2471 -0.423812   11.7013  0.560253   11.8791
 0.414118   12.2471 -0.423812   11.7013  0.560253   11.8791
-0.0354227    12.2568  -0.114739      11.26   0.433441    12.0963
-0.0354227    12.2568  -0.114739      11.26   0.433441    12.0963
-0.0354227    12.2568  -0.114739      11.26   0.433441    12.0963
-0.0354227    12.2568  -0.114739      11.26   0.433441    12.0963
-0.0354227    12.2568  -0.114739      11.26   0.433441    12.0963
-0.0354227    12.2568  -0.114739      11.26   0.433441    12.0963
-0.0354227    12.2568  -0.114739      11.26   0.433441    12.0963
  0.265782    12.7385 -0.0231197    11.7812   0.286629     12.732
  0.265782    12.7385 -0.0231197    11.7812   0.286629     12.732
  0.265782    12.7385 -0.0231197    11.7812   0.286629     12.732
  0.265782    12.7385 -0.0231197    11.7812   0.286629     12.732
 0.106271   12.5337 -0.702724   11.9459  0.259851   12.2169
 0.106271   12.5337 -0.702724   11.9459  0.259851   12.2169
-0.222792   12.3812 -0.833707   11.5895  0.141585   11.8105
-0.107882   11.8235  -1.08182   11.5966 -0.113125   11.3484
-0.107882   11.8235  -1.08182   11.5966 -0.113125   11.3484
-0.107882   11.8235  -1.08182   11.5966 -0.113125   11.3484
 0.318031   11.6757 -0.680203   11.6163  0.300356   11.4201
  0.42277    11.158 -0.555381   11.3659  0.431494   11.2044
  0.42277    11.158 -0.555381   11.3659  0.431494   11.2044
  0.42277    11.158 -0.555381   11.3659  0.431494   11.2044
 0.626019   10.6923 -0.279662   11.1163  0.563028   10.5779
 0.626019   10.6923 -0.279662   11.1163  0.563028   10.5779
 0.626019   10.6923 -0.279662   11.1163  0.563028   10.5779
0.906896  10.4488  0.02171  10.9141 0.892949  10.4232
0.906896  10.4488  0.02171  10.9141 0.892949  10.4232
0.906896  10.4488  0.02171  10.9141 0.892949  10.4232
0.906896  10.4488  0.02171  10.9141 0.892949  10.4232
0.906896  10.4488  0.02171  10.9141 0.892949  10.4232
0.906896  10.4488  0.02171  10.9141 0.892949  10.4232
 0.740619   10.9033 -0.109386   11.4301  0.671044   10.8048
 0.740619   10.9033 -0.109386   11.4301  0.671044   10.8048
 0.740619   10.9033 -0.109386   11.4301  0.671044   10.8048
 0.740619   10.9033 -0.109386   11.4301  0.671044   10.8048
 0.717292   11.2427 -0.272488   11.3853  0.705182   11.1751
 0.717292   11.2427 -0.272488   11.3853  0.705182   11.1751
 0.717292   11.2427 -0.272488   11.3853  0.705182   11.1751
 0.152795   11.5247 -0.471765   12.3057  0.159861   11.5304
 0.152795   11.5247 -0.471765   12.3057  0.159861   11.5304
 0.152795   11.5247 -0.471765   12.3057  0.159861   11.5304
 0.395983   11.3515 0.0242108   12.2799 0.0206985   11.2799
0.205843  10.9688 0.132816  11.9661 0.270302  10.9756
0.351609  10.7936 0.769479  11.7021 0.357796  10.7908
0.351609  10.7936 0.769479  11.7021 0.357796  10.7908
0.180723   10.848 0.928766  11.5117 0.388879  10.6699
0.180723   10.848 0.928766  11.5117 0.388879  10.6699
0.180723   10.848 0.928766  11.5117 0.388879  10.6699
0.203703  10.7784 0.789369   11.589 0.282224  10.7271
 -0.231754    11.1318   0.721724    11.4333 -0.0636428    10.8142
0.00901037    10.8421   0.155655    11.8313   0.310981    10.8435
0.00901037    10.8421   0.155655    11.8313   0.310981    10.8435
0.00901037    10.8421   0.155655    11.8313   0.310981    10.8435
0.00901037    10.8421   0.155655    11.8313   0.310981    10.8435
0.00901037    10.8421   0.155655    11.8313   0.310981    10.8435
0.00901037    10.8421   0.155655    11.8313   0.310981    10.8435
0.00901037    10.8421   0.155655    11.8313   0.310981    10.8435
 0.65978  10.7934  0.22308   11.693 0.394871  10.7079
 0.65978  10.7934  0.22308   11.693 0.394871  10.7079
 0.693321   10.9266 0.0595127      11.7  0.540927   10.8235
  0.40949   11.2113 -0.586918   11.1266   0.39162   10.9205
  0.40949   11.2113 -0.586918   11.1266   0.39162   10.9205
  0.40949   11.2113 -0.586918   11.1266   0.39162   10.9205
  0.40949   11.2113 -0.586918   11.1266   0.39162   10.9205
  0.40949   11.2113 -0.586918   11.1266   0.39162   10.9205
  0.40949   11.2113 -0.586918   11.1266   0.39162   10.9205
  0.40949   11.2113 -0.586918   11.1266   0.39162   10.9205
0.0551775   11.0613 -0.898161   10.7594  0.099469   10.6906
-0.253594   10.7701  -1.23312   10.9714 -0.300712     10.61
-0.253594   10.7701  -1.23312   10.9714 -0.300712     10.61
-0.253594   10.7701  -1.23312   10.9714 -0.300712     10.61
-0.253594   10.7701  -1.23312   10.9714 -0.300712     10.61
-0.253594   10.7701  -1.23312   10.9714 -0.300712     10.61
-0.253594   10.7701  -1.23312   10.9714 -0.300712     10.61
-0.922276   10.0589  -1.06899   11.0481 -0.260444   10.4597
-0.922276   10.0589  -1.06899   11.0481 -0.260444   10.4597
-0.922276   10.0589  -1.06899   11.0481 -0.260444   10.4597
-0.922276   10.0589  -1.06899   11.0481 -0.260444   10.4597
-0.922276   10.0589  -1.06899   11.0481 -0.260444   10.4597
-1.31402  10.1654  -1.7734  11.0536 -0.87804  10.6083
-1.31402  10.1654  -1.7734  11.0536 -0.87804  10.6083
-1.31402  10.1654  -1.7734  11.0536 -0.87804  10.6083
-1.31402  10.1654  -1.7734  11.0536 -0.87804  10.6083
-1.31402  10.1654  -1.7734  11.0536 -0.87804  10.6083
-1.31402  10.1654  -1.7734  11.0536 -0.87804  10.6083
-2.14535  10.1515 -1.92354  11.1266 -1.25356  10.3842
-1.30996  10.3259 -1.99127  11.0579 -1.83466  10.0703
-1.30996  10.3259 -1.99127  11.0579 -1.83466  10.0703
-1.30996  10.3259 -1.99127  11.0579 -1.83466  10.0703
-1.09899  10.2146 -2.01678  10.6117 -1.56613  9.71902
-1.09899  10.2146 -2.01678  10.6117 -1.56613  9.71902
-1.09899  10.2146 -2.01678  10.6117 -1.56613  9.71902
-0.83237   10.446 -1.80151  10.6925 -1.08018   9.9999
-0.83237   10.446 -1.80151  10.6925 -1.08018   9.9999
-0.748596    10.584   -1.6602   10.9951  -1.05495    10.199
-0.748596    10.584   -1.6602   10.9951  -1.05495    10.199
-0.748596    10.584   -1.6602   10.9951  -1.05495    10.199
 -1.0348  10.8977 -1.99762  11.1678 -1.36692  10.3918
 -1.0348  10.8977 -1.99762  11.1678 -1.36692  10.3918
 -1.0348  10.8977 -1.99762  11.1678 -1.36692  10.3918
 -1.0348  10.8977 -1.99762  11.1678 -1.36692  10.3918
 -1.0348  10.8977 -1.99762  11.1678 -1.36692  10.3918
 -1.0348  10.8977 -1.99762  11.1678 -1.36692  10.3918
 -1.0348  10.8977 -1.99762  11.1678 -1.36692  10.3918
-0.619782   10.9946  -1.56079   10.6562 -0.611807   10.9716
-0.619782   10.9946  -1.56079   10.6562 -0.611807   10.9716
-0.619782   10.9946  -1.56079   10.6562 -0.611807   10.9716
-0.619782   10.9946  -1.56079   10.6562 -0.611807   10.9716
-0.934369   11.2995  -1.09348   10.3122 -0.511135   11.1252
-0.301233   11.3905 -0.846405   10.5522 -0.500437   11.4905
-0.43741  11.1138   -1.127  10.3896 -0.45268  11.1281
-0.534799   10.6395 -0.869233   9.69707 -0.615848   10.6644
-0.0154794    10.5045   -0.43558    9.59707   -0.09911    10.5388
-0.0154794    10.5045   -0.43558    9.59707   -0.09911    10.5388
-0.441934      11.2 -0.976861   10.3551 -0.621737   11.2899
-0.441934      11.2 -0.976861   10.3551 -0.621737   11.2899
-0.441934      11.2 -0.976861   10.3551 -0.621737   11.2899
-0.515206   10.9865 -0.442577    9.9891 -0.414352   10.9887
-0.515206   10.9865 -0.442577    9.9891 -0.414352   10.9887
-0.515206   10.9865 -0.442577    9.9891 -0.414352   10.9887
-0.515206   10.9865 -0.442577    9.9891 -0.414352   10.9887
-0.684999   11.1171 -0.503407   10.1337  -0.58714   11.1302
-0.684999   11.1171 -0.503407   10.1337  -0.58714   11.1302
-0.684999   11.1171 -0.503407   10.1337  -0.58714   11.1302
-0.684999   11.1171 -0.503407   10.1337  -0.58714   11.1302
-0.684999   11.1171 -0.503407   10.1337  -0.58714   11.1302
-0.687446   11.1485   -1.0514   10.2171 -0.364716    10.944
-0.447575   10.7266  -1.41208   10.4625 -0.574277   11.0085
-0.447575   10.7266  -1.41208   10.4625 -0.574277   11.0085
-0.555264   11.6187  -1.30572   10.9578 -0.532598    11.592
-0.290985   11.1372  -1.28442   11.0228 -0.286715   11.0906
-0.462568   11.4257  -1.36413   10.9931 -0.379129   11.1656
-0.462568   11.4257  -1.36413   10.9931 -0.379129   11.1656
-0.462568   11.4257  -1.36413   10.9931 -0.379129   11.1656
-0.462568   11.4257  -1.36413   10.9931 -0.379129   11.1656
-0.462568   11.4257  -1.36413   10.9931 -0.379129   11.1656
-0.462568   11.4257  -1.36413   10.9931 -0.379129   11.1656
-0.669204   11.9725  -1.19589   11.1225 -0.381826   11.7032
-0.669204   11.9725  -1.19589   11.1225 -0.381826   11.7032
-0.903049   12.4904  -1.57177   11.7468 -0.834388   12.4223
-0.903049   12.4904  -1.57177   11.7468 -0.834388   12.4223
-0.903049   12.4904  -1.57177   11.7468 -0.834388   12.4223
-0.903049   12.4904  -1.57177   11.7468 -0.834388   12.4223
-1.00937  12.0181 -1.14496  11.0273 -1.20459  12.0256
-1.00937  12.0181 -1.14496  11.0273 -1.20459  12.0256
-1.00937  12.0181 -1.14496  11.0273 -1.20459  12.0256
-1.00937  12.0181 -1.14496  11.0273 -1.20459  12.0256
-0.270569   12.1082 -0.286835   11.1083 -0.786091   11.9748
-0.270569   12.1082 -0.286835   11.1083 -0.786091   11.9748
-0.890451   12.1135 -0.494858   11.1951 -0.799265   12.1476
 -1.01026   11.9583 -0.411538   11.1573 -0.854233    12.054
 -1.01026   11.9583 -0.411538   11.1573 -0.854233    12.054
 -0.209758    12.1292   -0.18861    11.1295 -0.0350006    12.1176
1.96402e-05     12.3706    0.256932     11.4041   -0.535551      12.014
1.96402e-05     12.3706    0.256932     11.4041   -0.535551      12.014
1.96402e-05     12.3706    0.256932     11.4041   -0.535551      12.014
1.96402e-05     12.3706    0.256932     11.4041   -0.535551      12.014
-0.0378041    12.6224   0.347811    11.6997   -0.41455    12.3469
-0.0900928    12.6286   0.243118    11.6857  -0.460199    12.3966
-0.0772519    12.5808   0.425954    11.7166      0.129    12.6715
-0.154252   12.5223  0.240916   11.6037  0.142967   12.5989
 -0.15246   12.6089  0.725477   12.1301 -0.181463   12.5513
-0.190538   12.8168  0.611772   12.2199 -0.188552   12.8195
-0.190538   12.8168  0.611772   12.2199 -0.188552   12.8195
 -0.22948    12.137  0.763739   12.2533 0.0637941   12.9675
 -0.22948    12.137  0.763739   12.2533 0.0637941   12.9675
-0.602646   12.8543  0.180099   12.2319 -0.253826   13.1329
-0.493484   13.1979  0.230529   12.5081 -0.390306   13.2921
-0.493484   13.1979  0.230529   12.5081 -0.390306   13.2921
-0.572888    13.557  0.042851    12.769 -0.424474   13.6531
-0.572888    13.557  0.042851    12.769 -0.424474   13.6531
-0.572888    13.557  0.042851    12.769 -0.424474   13.6531
-0.572888    13.557  0.042851    12.769 -0.424474   13.6531
-0.572888    13.557  0.042851    12.769 -0.424474   13.6531
 -1.08758   13.4851 -0.134316    13.183  -1.11558   13.3757
 -1.08758   13.4851 -0.134316    13.183  -1.11558   13.3757
 -1.08758   13.4851 -0.134316    13.183  -1.11558   13.3757
 -1.08758   13.4851 -0.134316    13.183  -1.11558   13.3757
 -1.08758   13.4851 -0.134316    13.183  -1.11558   13.3757
 -1.08758   13.4851 -0.134316    13.183  -1.11558   13.3757
 -1.08758   13.4851 -0.134316    13.183  -1.11558   13.3757
 -1.08758   13.4851 -0.134316    13.183  -1.11558   13.3757
 -1.08758   13.4851 -0.134316    13.183  -1.11558   13.3757
 -1.22466   13.6047 -0.265494   13.3218  -1.20036   13.6768
 -1.22466   13.6047 -0.265494   13.3218  -1.20036   13.6768
 -1.23608   13.7037 -0.245765   13.5649  -1.24366      13.5
 -1.23608   13.7037 -0.245765   13.5649  -1.24366      13.5
 -1.23608   13.7037 -0.245765   13.5649  -1.24366      13.5
 -0.991954    13.6369 -0.0523279    13.9791   -0.89731    13.4443
 -0.991954    13.6369 -0.0523279    13.9791   -0.89731    13.4443
 -0.991954    13.6369 -0.0523279    13.9791   -0.89731    13.4443
-0.385378   13.1876  0.553753   13.5311 -0.434792   13.3802
-0.431784   13.0149  0.323606   12.3596 -0.553045   12.8407
-0.431784   13.0149  0.323606   12.3596 -0.553045   12.8407
-0.431784   13.0149  0.323606   12.3596 -0.553045   12.8407
-0.431784   13.0149  0.323606   12.3596 -0.553045   12.8407
-0.431784   13.0149  0.323606   12.3596 -0.553045   12.8407
-0.602345    13.336   0.33321   12.9828 -0.473066   13.5744
-0.602345    13.336   0.33321   12.9828 -0.473066   13.5744
-0.602345    13.336   0.33321   12.9828 -0.473066   13.5744
-0.0586996    13.6898   0.372132    12.7874   0.507858    13.7781
-0.0586996    13.6898   0.372132    12.7874   0.507858    13.7781
-0.0586996    13.6898   0.372132    12.7874   0.507858    13.7781
-0.0586996    13.6898   0.372132    12.7874   0.507858    13.7781
0.00754165    13.2503   0.428738    12.3434   0.338436    13.3393
0.0573455   13.0354   1.05015   13.1552  0.226211   13.7219
0.670105  13.0913  1.58984  13.4838 0.592832  13.4066
0.670105  13.0913  1.58984  13.4838 0.592832  13.4066
0.786761  13.4937  1.45835  14.2346 0.589102  13.7403
0.101049  13.7332   0.8566  14.3883 0.135825  13.6951
0.101049  13.7332   0.8566  14.3883 0.135825  13.6951
0.101049  13.7332   0.8566  14.3883 0.135825  13.6951
 0.31475  13.8368  1.16358  14.3654 0.323699  13.8227
 0.31475  13.8368  1.16358  14.3654 0.323699  13.8227
 0.31475  13.8368  1.16358  14.3654 0.323699  13.8227
0.476504  13.9286  1.35588  14.4047 0.477028  13.9276
0.476504  13.9286  1.35588  14.4047 0.477028  13.9276
0.476504  13.9286  1.35588  14.4047 0.477028  13.9276
 1.02027  13.8101  1.50188  14.6865 0.641143  14.1775
0.483406  14.1924  1.29304  14.7794 0.460171  14.2259
0.454052   14.574  1.42387  14.8179 0.493257  14.4519
0.493727  14.2987 0.950831  15.1882 0.612623  14.2471
0.476673  14.6803   1.2798  15.2762 0.582404  14.5595
0.355999   14.193  1.04172  14.9208 0.611398  14.0181
0.355999   14.193  1.04172  14.9208 0.611398  14.0181
0.355999   14.193  1.04172  14.9208 0.611398  14.0181
 0.45594  14.4228 0.897376  15.3201 0.239122  14.5673
 0.45594  14.4228 0.897376  15.3201 0.239122  14.5673
 0.45594  14.4228 0.897376  15.3201 0.239122  14.5673
 0.45594  14.4228 0.897376  15.3201 0.239122  14.5673
 0.45594  14.4228 0.897376  15.3201 0.239122  14.5673
 0.246552   15.0782  0.648051   15.9941 -0.126707   15.3618
 0.246552   15.0782  0.648051   15.9941 -0.126707   15.3618
 0.246552   15.0782  0.648051   15.9941 -0.126707   15.3618
-0.279512   15.2291   0.23895   16.0842 -0.688296   15.7098
-0.324954   15.4836  0.412674   16.1588 -0.587325   16.1572
-0.477912   15.8613  0.496397   16.0865 -0.480036   16.3023
-0.477912   15.8613  0.496397   16.0865 -0.480036   16.3023
 -1.25276   16.4793 -0.253891   16.4317  -1.17268   16.0369
 -1.25276   16.4793 -0.253891   16.4317  -1.17268   16.0369
 -1.25276   16.4793 -0.253891   16.4317  -1.17268   16.0369
 -1.34184   16.2199 -0.534833   16.8105  -1.48578   16.5011
 -1.34184   16.2199 -0.534833   16.8105  -1.48578   16.5011
-1.71132  15.9057 -1.00403  16.6126 -1.94265  16.2677
-1.71132  15.9057 -1.00403  16.6126 -1.94265  16.2677
-1.71132  15.9057 -1.00403  16.6126 -1.94265  16.2677
 -1.66616   16.2651 -0.832982   16.8181  -1.68616   16.2965
 -1.66616   16.2651 -0.832982   16.8181  -1.68616   16.2965
 -1.66616   16.2651 -0.832982   16.8181  -1.68616   16.2965
 -1.66616   16.2651 -0.832982   16.8181  -1.68616   16.2965
-1.63976  16.1951 -1.02548  16.9842 -1.61126  16.1737
 -1.64354   16.6763 -0.738095   17.1008  -1.31523   16.2842
 -1.64354   16.6763 -0.738095   17.1008  -1.31523   16.2842
 -1.64354   16.6763 -0.738095   17.1008  -1.31523   16.2842
 -1.64354   16.6763 -0.738095   17.1008  -1.31523   16.2842
 -1.64354   16.6763 -0.738095   17.1008  -1.31523   16.2842
 -1.51519   16.6164 -0.689848    17.181  -1.28239   16.3755
 -1.51519   16.6164 -0.689848    17.181  -1.28239   16.3755
 -1.44845   16.2505 -0.919879   17.0994  -1.60924    16.375
 -1.44845   16.2505 -0.919879   17.0994  -1.60924    16.375
 -1.44845   16.2505 -0.919879   17.0994  -1.60924    16.375
 -1.44845   16.2505 -0.919879   17.0994  -1.60924    16.375
 -1.44845   16.2505 -0.919879   17.0994  -1.60924    16.375
 -1.44845   16.2505 -0.919879   17.0994  -1.60924    16.375
 -1.44845   16.2505 -0.919879   17.0994  -1.60924    16.375
 -1.44845   16.2505 -0.919879   17.0994  -1.60924    16.375
 -1.44845   16.2505 -0.919879   17.0994  -1.60924    16.375
-1.35853  15.9442 -1.22905  16.9358 -1.58292  16.0005
-1.35853  15.9442 -1.22905  16.9358 -1.58292  16.0005
 -1.86881   16.2634 -0.982386   16.7263  -1.48281   15.8605
 -1.86881   16.2634 -0.982386   16.7263  -1.48281   15.8605
-1.72969  16.3126 -1.14463  17.1236 -1.50824  16.1921
-1.72969  16.3126 -1.14463  17.1236 -1.50824  16.1921
-1.72969  16.3126 -1.14463  17.1236 -1.50824  16.1921
-1.72969  16.3126 -1.14463  17.1236 -1.50824  16.1921
-1.77523  16.1922 -1.24974   17.043 -1.84832   16.242
-1.77523  16.1922 -1.24974   17.043 -1.84832   16.242
-1.84876  16.1674 -0.92073  16.5399 -1.69681  15.9093
-1.84876  16.1674 -0.92073  16.5399 -1.69681  15.9093
-1.84876  16.1674 -0.92073  16.5399 -1.69681  15.9093
-1.96467  16.6699  -0.9661  16.7234 -1.69047   16.034
-1.96467  16.6699  -0.9661  16.7234 -1.69047   16.034
 -1.73487   15.8946 -0.870536   16.3975  -1.83766   16.1432
 -1.34114   16.5126 -0.341451   16.4876   -1.3405   16.4441
 -1.34114   16.5126 -0.341451   16.4876   -1.3405   16.4441
 -1.34114   16.5126 -0.341451   16.4876   -1.3405   16.4441
 -1.34114   16.5126 -0.341451   16.4876   -1.3405   16.4441
 -1.42051   16.6835 -0.452272   16.9336  -1.39283   16.5939
 -1.21393   16.9847 -0.268428   17.3104  -1.26156   17.1934
 -1.21393   16.9847 -0.268428   17.3104  -1.26156   17.1934
-0.980016   16.4296 -0.107903   16.9189  -1.10404   17.0067
 -1.24372   15.9903 -0.296206   16.3101  -1.22321   16.6851
 -1.57309   16.2283 -0.629383   16.5591  -1.52203   16.1083
    -1.97   15.7686 -0.970004   15.7727  -1.96995   15.7623
 -1.82468   15.2726 -0.826881    15.339  -1.82461   15.2716
 -1.82468   15.2726 -0.826881    15.339  -1.82461   15.2716
 -1.85844   15.6441 -0.883863   15.8681  -1.88166   15.9345
 -1.85844   15.6441 -0.883863   15.8681  -1.88166   15.9345
 -1.85844   15.6441 -0.883863   15.8681  -1.88166   15.9345
 -1.85844   15.6441 -0.883863   15.8681  -1.88166   15.9345
 -1.85844   15.6441 -0.883863   15.8681  -1.88166   15.9345
 -1.85844   15.6441 -0.883863   15.8681  -1.88166   15.9345
-2.58096  16.7253 -1.58148  16.7576  -2.5808  16.7207
-2.58096  16.7253 -1.58148  16.7576  -2.5808  16.7207
-2.58096  16.7253 -1.58148  16.7576  -2.5808  16.7207
-2.32599   16.549 -1.37724  16.8651 -2.37397  16.7842
-2.32599   16.549 -1.37724  16.8651 -2.37397  16.7842
-2.32599   16.549 -1.37724  16.8651 -2.37397  16.7842
